11 62
11 64
12 61
12 64
13 60
13 61
14 59
14 63
15 58
15 59
15 60
15 62
16 55
16 56
17 54
17 58
17 59
17 60
17 61
17 62
17 70
17 71
17 72
17 73
17 79
17 82
18 53
18 57
18 70
18 74
18 78
19 53
19 59
19 60
19 70
19 78
19 82
20 53
20 54
20 55
20 59
20 60
20 61
20 62
20 71
20 74
20 78
20 79
20 80
20 81
21 54
21 62
22 54
22 55
22 75
22 76
23 54
23 56
23 75
23 76
24 54
24 55
24 58
24 59
24 61
24 70
24 72
24 75
24 76
25 55
25 57
25 58
25 59
25 61
25 65
25 67
25 68
25 69
25 70
25 72
25 75
25 76
26 62
26 63
26 65
26 67
26 68
26 71
26 75
26 76
26 80
26 81
26 82
27 57
27 58
27 59
27 60
27 61
27 62
27 64
27 65
27 69
27 70
27 71
27 72
27 75
27 76
27 80
27 81
27 82
28 58
28 63
28 64
28 65
28 72
28 75
28 76
28 80
28 81
28 82
29 59
29 60
29 66
29 67
29 70
29 71
29 75
29 76
30 60
30 63
30 69
30 70
30 71
30 72
30 75
30 76
31 61
31 63
31 65
31 66
31 72
31 75
31 76
32 75
32 76
34 71
34 74
34 78
34 79
34 80
34 81
35 70
35 78
35 82
36 70
36 74
36 78
37 70
37 71
37 72
37 73
37 79
37 82
